version https://git-lfs.github.com/spec/v1
oid sha256:6621abca60ac3b0ecdb37a1a9a722dd3341ab874e007b4fb76deea4ba72e113e
size 1075995
